=== 2. 年份趋势分析 ===
+----+-----------+------------------+
|year|movie_count|avg_rating        |
+----+-----------+------------------+
|1931|1          |9.3               |
|1936|1          |9.3               |
|1939|1          |9.3               |
|1940|1          |8.8               |
|1943|42         |1.2238095238095237|
|1944|158        |1.2164556962025315|
|1945|155        |1.5400000000000003|
|1946|176        |1.2375            |
|1947|193        |1.503108808290155 |
|1948|214        |1.7915887850467294|
|1949|208        |1.5201923076923078|
|1950|223        |1.4246636771300447|
|1951|244        |1.569672131147541 |
|1952|253        |1.3826086956521741|
|1953|307        |1.3319218241042343|
|1954|269        |1.4750929368029735|
|1955|276        |1.6242753623188402|
|1956|311        |1.510610932475884 |
|1957|350        |1.4194285714285713|
|1958|358        |1.559776536312849 |
+----+-----------+------------------+
only showing top 20 rows

TIMING query=year_trend seconds=0.594969
